###
# human (female) - basic - zero attributes
#
#  colors:
#   0 - transparent
#   1 - black
#
#  size: 24x24

0 0 0 0 0 0 0 0 0 0 0 0 0 0 0 0 0 0 0 0 0 0 0 0
0 0 0 0 0 0 0 0 0 0 0 0 0 0 0 0 0 0 0 0 0 0 0 0
0 0 0 0 0 0 0 0 0 0 0 0 0 0 0 0 0 0 0 0 0 0 0 0
0 0 0 0 0 0 0 0 0 0 0 0 0 0 0 0 0 0 0 0 0 0 0 0
0 0 0 0 0 0 0 0 0 0 0 0 0 0 0 0 0 0 0 0 0 0 0 0
0 0 0 0 0 0 0 0 0 0 0 0 0 0 0 0 0 0 0 0 0 0 0 0
0 0 0 0 0 0 0 0 0 0 0 0 0 0 0 0 0 0 0 0 0 0 0 0
0 0 0 0 0 0 0 0 0 1 1 1 1 1 1 0 0 0 0 0 0 0 0 0
0 0 0 0 0 0 0 0 1 4 4 4 4 4 4 1 0 0 0 0 0 0 0 0
0 0 0 0 0 0 0 1 4 5 4 4 4 4 4 4 1 0 0 0 0 0 0 0
0 0 0 0 0 0 0 1 4 4 4 4 4 4 4 4 1 0 0 0 0 0 0 0
0 0 0 0 0 0 0 1 4 4 4 4 4 4 4 4 1 0 0 0 0 0 0 0
0 0 0 0 0 0 1 4 4 2 2 4 4 4 2 2 1 0 0 0 0 0 0 0
0 0 0 0 0 0 1 4 4 1 3 4 4 4 1 3 1 0 0 0 0 0 0 0
0 0 0 0 0 0 1 1 4 4 4 4 4 4 4 4 1 0 0 0 0 0 0 0
0 0 0 0 0 0 0 1 4 4 4 4 4 4 4 4 1 0 0 0 0 0 0 0
0 0 0 0 0 0 0 1 4 4 4 4 1 4 4 4 1 0 0 0 0 0 0 0
0 0 0 0 0 0 0 1 4 4 4 4 4 4 4 4 1 0 0 0 0 0 0 0
0 0 0 0 0 0 0 1 4 4 4 6 6 6 4 4 1 0 0 0 0 0 0 0
0 0 0 0 0 0 0 0 1 4 4 4 4 4 4 1 0 0 0 0 0 0 0 0
0 0 0 0 0 0 0 0 1 4 1 4 4 4 1 0 0 0 0 0 0 0 0 0
0 0 0 0 0 0 0 0 1 4 4 1 1 1 0 0 0 0 0 0 0 0 0 0
0 0 0 0 0 0 0 0 1 4 4 4 1 0 0 0 0 0 0 0 0 0 0 0
0 0 0 0 0 0 0 0 1 4 4 4 1 0 0 0 0 0 0 0 0 0 0 0